{
    "header": {
        "author": "test"
    },
    "desc": "剣の扱いに長けた戦士",
    "type": "General",
    "skill": [],
    "hp": 0.20000000298023225,
    "sp": 0.0,
    "atk": 0.30478525161743166,
    "inte": -0.5,
    "spd": -0.16518190503120423,
    "resSlash": 0.20000000298023225,
    "resThrust": 0.07000000029802323,
    "resStrike": 0.07000000029802323,
    "resShoot": -0.029999999329447748,
    "resFire": -0.05000000074505806,
    "resIce": -0.05000000074505806,
    "resThunder": -0.05000000074505806
}